status	amount	dailyLimit	monthlyLimit	availableBalance	expiryDate	terminalType	mcc
EXPIRED	1	15000000	15000000	100000000	0826	POS	5732
BLOCKED	1	15000000	15000000	100000000	1026	ECOM	5812
INACTIVE	1	15000000	15000000	100000000	1026	ATM	5812
BLOCKED	1	15000000	15000000	100000000	1026	ATM	5411
ACTIVE	15000000	30000000	300000000	0	0926	ECOM	5732
ACTIVE	15000001	15000000	300000000	15000000	0926	POS	5411
ACTIVE	15000001	30000000	300000000	0	1026	ATM	5812
EXPIRED	1	15000000	15000000	100000000	0826	ATM	5411
ACTIVE	15000001	15000000	15000000	100000000	0926	ECOM	5732
ACTIVE	1	30000000	300000000	15000000	0926	ATM	5732
INACTIVE	1	15000000	15000000	100000000	1026	POS	5812
INACTIVE	1	15000000	15000000	100000000	1026	ECOM	5411
ACTIVE	15000000	15000000	15000000	0	0926	POS	5812
BLOCKED	1	15000000	15000000	100000000	1026	POS	5732
ACTIVE	15000000	15000000	15000000	15000000	1026	ECOM	5812
ACTIVE	15000000	30000000	300000000	100000000	0926	ATM	5411
INACTIVE	1	15000000	15000000	100000000	1026	POS	5732
EXPIRED	1	15000000	15000000	100000000	0826	ECOM	5812
ACTIVE	1	15000000	15000000	100000000	0826	POS	5411
ACTIVE	1	15000000	15000000	0	1026	POS	5411
ACTIVE	15000001	30000000	300000000	0	1026	POS	5812
